1
2
3 81 130
4
5 91
6 160 183 291
7
8
9
10
11
12 96 189
13
14 147
15
16
17
18 202 222 267
19
20
21
22 289
23
24
25
26
27
28
29
30
31
32
33 48 119 136 167 201
34
35 71
36
37 61 123 209
38 236
39
40
41
42 127
43
44
45
46 169 187
47
49
50 164 190
51
52
53
54
55
56 63 106 180 192 216 271
57
58
59
60
62
64 93 206
65
66
67
68
69
70
72 266
73
74
75
76 198
77
78
79
80
82
83
84
85 128
86
87
88
89
90
92
94
95
97
98
99
100
101
102
103
104 134
105
107
108
109
110
111
112
113
114
115
116
117 139 223 255 277
118
120
121
122
124
125
126
129
131
132
133
135
137
138
140
141
142 237 295
143
144
145
146
148
149
150 185 249
151 163 298
152
153
154
155 174
156
157
158
159
161
162
165
166
168
170
171
172
173
175
176
177
178
179
181
182
184
186
188
191
193
194
195
196
197
199 279 287
200
203
204
205 228 264
207
208
210
211
212
213
214
215
217
218
219
220
221
224
225
226
227 276
229
230
231
232
233
234
235
238
239
240
241
242
243
244
245
246
247
248
250
251
252
253
254
256
257
258
259
260
261
262
263
265
268
269
270
272
273
274
275
278
280
281
282
283
284
285
286
288
290
292
293
294
296
297
299
300
