1
2
3 1448
4 179 352 370 710 969 1340 1663 2970
5
6
7 1946
8
9 58 2493
10
11
12
13
14
15
16 1517 1615
17
18 185 2385
19
20 1339
21 23 440 1924 2780
22
24
25
26
27
28
29
30
31 262 1559 1942 2200 2428
32
33 1039 1239 1843
34
35 689 1478
36
37
38
39
40
41
42
43 389 1305
44
45
46 99 1361 1406 1425 1864
47
48 553 1380
49 281 1814
50 561 2125 2486 2695
51
52
53
54
55
56
57 566 2438
59
60
61 717 1174 1582 1960 2179 2682 2935
62 472
63
64
65
66
67
68
69
70
71 82 1201 2026 2057
72
73 889 1233 1537 2004
74 684 1147 1518 1787 2270
75 315 2945
76 1496
77 124 456 966 1031 1581 1780 1923
78
79
80
81
83
84
85
86
87
88
89
90 2373
91
92
93 145 839 1911 2837
94 136 275 1067 1104 1671
95
96 743 1965 2047 2272
97
98
100
101
102 2008 2360
103
104
105
106
107
108
109 1450 1459 2544
110
111 640 837 1223
112 289 1214
113
114
115
116
117
118 703 1078 1442 1751 2024
119
120
121
122
123
125
126
127
128
129
130 418 1044 1299 2224 2915
131
132
133
134
135
137
138
139
140 524 2803
141
142
143
144
146
147 328 2356 2358
148
149
150
151 1943 2013 2108
152
153 493
154
155
156 483 1024 1418 2369 2703 2937
157 2980
158
159
160
161 480 549 1334 1973 2185 2975
162
163
164 538 1767 2092
165 1187
166
167
168 1017 1084
169
170
171
172
173
174
175
176 360 722
177
178
180
181
182
183
184
186 327 780 805 943 1098 1413 1549 1830 2079 2423 2966
187
188 1386 1897 2614
189 439 871 1296 1958
190
191
192 282
193 1068 1735 2711
194
195
196 600 663 748 1120 1300
197
198
199
200
201
202
203 775 1157
204
205
206 1709
207
208
209
210
211
212
213
214 1148 1314
215
216
217
218 702 2033 2072 2233 2604
219
220 2229
221
222
223
224
225 873 2038
226 637 2557
227
228 2170 2960
229
230
231
232
233
234 1783
235 2507
236 606 2147 2210 2220
237
238
239
240
241
242
243 870 1254 1678 1964
244
245 781 2989
246
247 882 2163
248
249 322 1327 2689
250
251
252
253
254
255
256 1007 2121 2991
257 2518 2869
258
259 1529 2196
260
261
263
264
265 545 2860
266 673 1970 2418 2756
267
268
269 1921 2831
270
271 1094 1982 2510
272
273
274
276
277 292 407 610 1324 2311 2447
278 471 1210 2031
279 875 2583
280 1949
283
284
285
286
287
288 337 1258
290
291
293 1342
294
295
296
297
298
299 369 1746 2545
300 401 1637 2608
301
302 1918 1993 2186
303
304 550 2797
305
306
307
308
309 962 1543 2340 2623 2755
310 1848
311
312
313
314
316
317
318 544 709 762 1184 1391 2603 2766 2947
319 699 1268
320
321 636 1262 1475 1812 1945 2129 2388
323
324
325
326
329
330
331 893 1225 2269
332
333
334
335 1555 1570 2995 2997
336
338
339 827 855 1050
340
341
342
343
344 1251 1405 2177
345 392 1121 1317 1772 2348
346
347 420 701 1181 1538 2211 2823
348
349 387 761 1763 2227 2597
350 625
351 1684
353 890 1770 2556 2859
354
355
356 1005 1914 2074 2103 2867
357
358 849 894 1108 2324 2522 2645
359
361 1891 2138 2384
362
363 705
364 1446 2484 2574 2702
365
366 1907
367
368
371
372
373 796 996 2455 2558 2560 2967
374
375
376
377 1455
378
379
380
381 1176
382
383
384
385
386
388 880
390
391
393
394
395 1226 2172 2690
396
397 2137
398 1323 2284 2708
399
400
402
403
404
405
406 1035 1297 2056
408
409
410 923 1739
411
412
413
414
415
416
417
419
421
422
423
424
425
426
427
428
429 604 660 1076 1398 1465 1623 1774 1931 2451
430
431
432
433
434 1976 2898
435 1231 2414 2567 2685
436
437
438
441
442
443
444
445
446
447
448
449 2276
450
451
452
453
454
455
457
458
459
460 584 1162 1832 2787 2874
461
462 1106 1430 1777
463
464
465
466
467 601 1491 1563 1972
468 552 2275
469
470
473 860 1074 2265
474 866 1683
475 622 1676 2612 2893 2929
476
477 1831 2323
478
479 2167 2555 2796
481
482
484
485
486
487
488
489
490
491
492
494
495 692
496 2299
497
498
499
500
501 680
502
503
504 1717 1948 2354 2355 2406 2598 2845
505
506
507
508 571 1095
509
510
511
512
513
514
515
516
517
518
519
520
521
522
523
525
526
527
528
529
530
531
532 1173 1204 2060
533
534
535
536
537 2605 2974
539
540
541
542
543
546
547
548
551
554
555
556 1606
557
558
559
560 569
562 1743 1937 2325
563
564 1133 1396 1585 1988 2152 2539
565 1093
567 1701 1791 2633
568
570
572 706 1143 1276 1681 1803
573
574
575
576
577
578
579
580
581
582
583
585
586
587
588 2951
589
590
591
592
593 1546
594 656 2066 2252
595
596 1564 2320
597
598
599
602
603
605
607 950 1206 2466 2572
608
609 2192
611
612
613 1103 1873 2131 2587
614
615
616
617 1596
618
619
620
621
623
624
626 1910 2664
627
628
629
630
631
632
633 1627
634 659
635
638
639
641
642
643 1237 1871
644
645
646
647
648 1329 1944 2258 2774
649 976 1397 1498 1600 2405 2575
650
651
652
653
654
655
657 2331 2930
658 921 1071 1452 1666 1766
661
662 2982
664 1427 2372
665
666
667
668
669
670 1167 2710 2959
671
672
674
675
676
677 2178 2219 2800
678
679
681
682 821 2383
683 1138
685
686 2449
687 1410 1820 2065 2788
688
690 2478
691
693 2692
694 759 2401
695
696
697
698 1052
700
704 1333
707
708 2650
711
712
713 1228 1375 1811
714
715
716 1927
718
719
720 1463 1887
721
723 819 1360 2454 2578
724
725
726 2467
727
728
729
730
731
732 997 1316 1382 1674 1939 2035
733
734
735
736 2234 2590
737 2773
738
739
740
741 811 878 1622 1786 2508
742 1311
744
745
746
747
749 2191 2700 2822
750
751 947 1088
752 2020 2794
753
754
755
756
757 942 1795
758
760
763
764
765 2629 2843
766
767
768
769
770 1865 2908
771
772
773 955 1027 1573
774
776 2581 2747
777
778
779
782
783 1572
784
785
786
787 1257 1819 2659 2847
788 995
789
790
791
792
793
794
795
797
798 910 1101 1443 2353 2413
799 1512 2140
800
801
802
803
804
806
807
808
809
810 1874 2479
812
813
814
815
816
817 944 1060
818 1151 1343 1636
820
822
823
824
825
826 2407 2978 3000
828
829
830 2492 2726
831
832
833
834
835
836 2109 2160 2729
838
840
841
842
843
844
845
846
847
848
850 907 2045 2540
851
852
853
854
856
857 1141 1401 2768 2914
858 884 993 1906
859
861 863 2250 2534 2638
862
864
865
867
868 2855
869 915
872
874
876
877 988 1535 2335
879
881
883
885
886
887
888
891
892
895
896
897
898
899
900
901 1527
902
903
904
905
906
908
909
911
912
913
914
916
917
918
919
920
922
924
925 2754
926
927 1575 1985 2884
928 967 2683
929
930
931
932
933
934
935
936
937
938 1242 1362 2087 2475
939
940
941
945
946
948
949
951
952
953
954
956
957
958
959
960
961
963
964
965
968
970
971
972
973
974
975
977
978
979 991 1829 2624 2986
980
981
982 1356
983
984
985
986
987
989
990
992
994
998
999 1280
1000
1001 1389
1002
1003
1004 2941
1006
1008
1009 2171 2781
1010
1011
1012
1013
1014
1015
1016
1018
1019
1020
1021
1022
1023
1025
1026 2441
1028
1029
1030
1032
1033
1034
1036 1950
1037
1038
1040
1041
1042
1043
1045
1046
1047
1048
1049
1051 1715
1053
1054
1055 2422
1056
1057 1470 2262 2625
1058
1059
1061
1062
1063
1064
1065
1066
1069
1070
1072
1073
1075
1077
1079
1080
1081
1082
1083
1085
1086
1087
1089
1090
1091
1092 1119 2361 2505 2943
1096
1097
1099
1100
1102 1196
1105
1107
1109
1110
1111
1112
1113
1114
1115
1116
1117
1118
1122
1123
1124
1125 2151 2312 2666
1126
1127
1128
1129
1130
1131
1132
1134
1135
1136 1191 1624
1137
1139
1140
1142
1144 2268
1145
1146
1149
1150
1152
1153
1154
1155
1156
1158
1159
1160
1161
1163
1164
1165
1166
1168
1169
1170
1171
1172
1175
1177
1178
1179
1180
1182
1183
1185
1186
1188
1189
1190
1192
1193 2769
1194 1963 2862
1195
1197 2300
1198
1199
1200
1202
1203
1205 1961
1207
1208
1209
1211
1212
1213
1215
1216
1217
1218
1219
1220
1221 2595
1222 2363
1224
1227 1699 2062 2531 2961
1229
1230
1232
1234
1235
1236
1238
1240 1595
1241
1243 1312
1244
1245 2301
1246
1247
1248
1249 1936
1250
1252
1253 1286 1633 2182
1255 2251 2397 2934
1256 2073
1259 2553
1260
1261
1263
1264
1265
1266
1267
1269
1270
1271
1272
1273
1274
1275 2706
1277
1278
1279
1281
1282
1283
1284
1285
1287
1288
1289
1290
1291 1523
1292
1293
1294
1295
1298
1301
1302
1303
1304
1306
1307
1308
1309
1310 1346 2727
1313
1315
1318
1319
1320 1969
1321
1322
1325
1326
1328
1330
1331
1332
1335
1336
1337
1338
1341
1344
1345
1347
1348 1625
1349
1350
1351
1352 2525
1353
1354
1355 2274
1357
1358
1359
1363
1364
1365
1366
1367
1368
1369
1370 1525
1371
1372
1373
1374
1376
1377
1378
1379
1381
1383
1384
1385
1387 1688 1899 2093 2273
1388
1390
1392
1393 2032 2481
1394
1395
1399 2048 2528 2735
1400
1402
1403
1404
1407
1408
1409
1411
1412
1414
1415
1416
1417
1419
1420
1421 1670 1718 2102 2319
1422
1423
1424
1426
1428 2386
1429 1952 1968
1431
1432
1433
1434
1435
1436 1608
1437
1438
1439
1440
1441
1444
1445 2322
1447 1828
1449
1451
1453
1454
1456
1457
1458
1460
1461
1462
1464
1466
1467
1468
1469
1471
1472
1473
1474
1476
1477
1479
1480
1481
1482
1483
1484
1485
1486
1487
1488
1489
1490 2053 2516 2667
1492
1493
1494
1495
1497
1499
1500
1501
1502
1503
1504
1505 1930
1506
1507
1508
1509 1722
1510
1511
1513
1514
1515
1516
1519
1520
1521
1522
1524
1526
1528
1530 2341 2779
1531
1532 1669 1883 2366 2996
1533
1534
1536
1539
1540
1541
1542
1544
1545
1547
1548
1550
1551
1552
1553
1554
1556
1557
1558
1560
1561
1562
1565
1566
1567
1568
1569
1571
1574
1576
1577
1578
1579
1580
1583
1584
1586
1587
1588
1589
1590
1591
1592 2681
1593
1594
1597
1598
1599
1601
1602
1603
1604 2371 2809
1605
1607
1609
1610
1611
1612
1613 2868
1614
1616 2600
1617
1618
1619
1620
1621
1626
1628
1629
1630
1631
1632
1634
1635
1638
1639
1640
1641
1642
1643
1644
1645
1646
1647
1648
1649 1894
1650
1651
1652
1653
1654
1655
1656
1657
1658 2760
1659
1660
1661
1662
1664
1665
1667
1668
1672
1673
1675 2549
1677
1679
1680
1682
1685
1686
1687
1689
1690
1691
1692
1693
1694
1695
1696
1697
1698
1700
1702
1703
1704
1705
1706
1707
1708 2582 2821
1710
1711 1922
1712
1713
1714
1716
1719
1720
1721
1723
1724
1725
1726
1727
1728
1729
1730
1731
1732
1733
1734
1736
1737
1738
1740
1741
1742
1744
1745
1747
1748
1749
1750
1752
1753
1754
1755
1756
1757
1758
1759
1760
1761
1762
1764
1765
1768
1769
1771
1773
1775
1776
1778
1779
1781
1782
1784
1785
1788 1995
1789
1790
1792
1793
1794
1796
1797
1798
1799
1800
1801
1802
1804
1805
1806
1807
1808
1809
1810
1813 2613 2649
1815
1816 2551 2686
1817
1818
1821
1822
1823
1824
1825
1826
1827
1833
1834
1835
1836
1837
1838
1839
1840
1841 2293
1842
1844
1845
1846
1847
1849
1850
1851
1852
1853
1854
1855
1856
1857
1858
1859
1860
1861
1862
1863
1866
1867
1868
1869
1870
1872
1875
1876
1877
1878
1879
1880
1881
1882
1884
1885
1886
1888
1889
1890
1892
1893
1895
1896
1898
1900
1901
1902
1903
1904
1905
1908
1909
1912
1913
1915
1916
1917
1919
1920
1925
1926
1928 2292
1929
1932
1933
1934
1935
1938
1940 2579
1941
1947
1951
1953
1954
1955 2670 2839 2872
1956
1957
1959
1962
1966
1967
1971
1974
1975
1977
1978
1979
1980
1981
1983
1984
1986
1987
1989
1990
1991
1992
1994
1996
1997
1998
1999
2000
2001
2002
2003 2863
2005
2006
2007
2009
2010
2011
2012
2014
2015
2016
2017
2018
2019 2042
2021
2022
2023
2025
2027
2028
2029
2030
2034
2036
2037
2039
2040
2041
2043
2044
2046
2049
2050
2051
2052
2054
2055
2058
2059
2061
2063
2064
2067
2068
2069
2070
2071
2075
2076
2077
2078
2080
2081
2082
2083
2084
2085
2086
2088
2089
2090
2091
2094
2095
2096
2097
2098
2099
2100
2101
2104
2105
2106
2107
2110
2111
2112
2113
2114
2115
2116
2117
2118
2119
2120
2122
2123
2124
2126
2127
2128
2130
2132
2133
2134
2135
2136
2139
2141
2142
2143
2144
2145
2146
2148
2149
2150
2153
2154
2155
2156
2157
2158
2159
2161
2162
2164
2165
2166
2168
2169
2173
2174
2175
2176
2180
2181
2183
2184
2187
2188
2189
2190
2193
2194
2195
2197
2198
2199
2201
2202
2203
2204
2205
2206
2207
2208
2209
2212
2213
2214
2215
2216
2217
2218
2221
2222
2223
2225
2226
2228
2230
2231
2232
2235
2236
2237
2238
2239
2240
2241
2242
2243
2244
2245
2246
2247
2248
2249
2253
2254
2255
2256
2257
2259 2969
2260
2261
2263
2264
2266
2267
2271
2277
2278
2279
2280
2281
2282
2283
2285
2286
2287
2288
2289
2290 2601
2291
2294
2295
2296
2297
2298
2302
2303
2304
2305
2306
2307
2308
2309
2310
2313
2314
2315
2316
2317
2318
2321
2326
2327
2328
2329
2330
2332
2333
2334
2336
2337
2338
2339
2342
2343
2344
2345
2346
2347
2349
2350
2351
2352
2357
2359
2362
2364
2365
2367
2368
2370
2374
2375
2376
2377
2378
2379
2380
2381
2382
2387
2389
2390
2391
2392
2393
2394
2395
2396
2398
2399
2400
2402
2403
2404
2408
2409
2410
2411
2412
2415
2416
2417
2419
2420
2421
2424
2425
2426
2427
2429
2430
2431
2432
2433
2434
2435
2436
2437
2439
2440
2442
2443
2444
2445
2446
2448
2450
2452
2453
2456
2457 2968
2458
2459
2460
2461
2462
2463
2464
2465
2468
2469
2470
2471
2472
2473
2474
2476
2477
2480
2482 2617
2483
2485
2487
2488
2489
2490
2491
2494
2495
2496
2497
2498
2499
2500
2501
2502
2503
2504
2506
2509
2511
2512
2513
2514
2515
2517
2519
2520
2521
2523
2524
2526
2527
2529
2530
2532
2533
2535
2536
2537
2538
2541
2542
2543
2546
2547
2548
2550
2552
2554
2559
2561
2562
2563 2731
2564
2565
2566
2568
2569
2570
2571
2573
2576
2577
2580 2792
2584
2585
2586
2588
2589
2591
2592
2593
2594
2596
2599
2602
2606
2607
2609
2610
2611
2615
2616
2618
2619
2620
2621
2622
2626
2627
2628
2630
2631
2632
2634
2635
2636
2637
2639
2640
2641
2642
2643
2644
2646
2647
2648
2651
2652
2653
2654
2655
2656
2657
2658
2660
2661
2662
2663
2665
2668
2669
2671
2672
2673
2674
2675
2676
2677
2678
2679
2680
2684
2687
2688
2691
2693
2694
2696
2697
2698
2699
2701
2704
2705
2707
2709
2712
2713
2714
2715
2716
2717
2718
2719
2720
2721
2722
2723
2724
2725
2728
2730
2732
2733
2734
2736
2737
2738
2739 2973
2740
2741
2742
2743
2744
2745
2746
2748
2749
2750
2751
2752
2753
2757
2758
2759
2761
2762
2763
2764
2765
2767
2770
2771
2772
2775
2776
2777
2778
2782
2783
2784
2785
2786
2789
2790
2791
2793
2795
2798
2799
2801
2802
2804
2805
2806
2807
2808
2810
2811
2812
2813
2814
2815
2816
2817
2818
2819
2820
2824
2825
2826
2827
2828
2829
2830
2832
2833
2834
2835
2836
2838
2840
2841
2842
2844
2846
2848
2849
2850
2851
2852
2853
2854
2856
2857
2858
2861
2864
2865
2866
2870
2871
2873
2875
2876
2877
2878
2879
2880
2881
2882
2883
2885
2886
2887
2888
2889
2890
2891
2892
2894
2895
2896
2897
2899
2900
2901
2902
2903
2904
2905
2906
2907
2909
2910
2911
2912
2913
2916
2917
2918
2919
2920
2921
2922
2923
2924
2925
2926
2927
2928
2931
2932
2933
2936
2938
2939
2940
2942
2944
2946
2948
2949
2950
2952
2953
2954
2955
2956
2957
2958
2962
2963
2964
2965
2971
2972
2976
2977
2979
2981
2983
2984
2985
2987
2988
2990
2992
2993
2994
2998
2999
