1 1844 6483 7139 7225 9446
2
3 454
4
5
6
7 1590 4136 5062 6067 6205 6810 9594
8
9
10 3070 7360 9828
11 2417
12
13
14 869 3390 3629 4248 6036
15 4869 5744 6494 6941 8502
16 2143 3511
17
18
19 1120 4258 6164 6643 7772 9084 9679
20
21 1755 3273 5482 6584 8231 9340
22
23
24 4837 8486
25
26
27
28 2754 4789 5471 6289 8734
29
30 2101 3168 3626 4242 8353
31
32
33
34 1346 5753
35
36 1081 2875 4426 4836 4956 7283 9387 9580
37 498 4342 6360 8894
38
39 8178
40 3241 3338
41
42
43
44
45
46
47
48
49 4780
50 889 2462 2497 6691 8663 9559
51
52
53 4384
54
55
56
57 564 1104 4829 6402 9100 9252
58
59
60 483 2706 3866 4762 6455 6547 6845
61 743 778 6251 9506
62
63
64 115 697 3760 5509
65
66
67
68
69 235 466 1205 2391 2775 4901 7445 8461 9368
70
71
72
73
74 2719 5857 5990 9140 9227 9463 9841
75
76
77 2910 3237 7550 9111
78
79
80 2389 3631
81 179 327 713 971 2704 4640 5366 6499
82
83
84
85 2523 8049
86
87
88
89 1114 6271 6482 8392
90 1117 5561 7591 7939
91 690 883 1310 1576 2288 2345 4813 5480 7944 8013 8469 9858
92 1049 9595 9602 9705
93
94
95
96
97 692 1773 2192 6106 8340
98
99 372 4396 5439
100
101
102 264 3323 4447 7104
103
104
105 2082 3229 4743
106
107
108
109
110
111
112
113
114
116
117 1182 3681 5044 5306
118
119
120
121 1665 7733 8420 9534
122
123
124 623 6947
125
126
127
128
129
130
131 1096 3537 4509 5325 5532 8138 8313 8431
132
133
134
135 6489 7914 8190
136
137 6984
138
139 1056 9102
140 6924
141 3728 8409
142
143
144 4365
145
146
147
148 2634
149
150
151
152
153
154
155 2005 5140 9146
156 1352 4145 7053
157 3743
158
159
160
161 1214 3018 6695 6710 9322
162 3244 4560
163
164
165
166
167 4040 5643 8728 9247 9269
168
169
170
171
172 1670 2149 3206 3396 4019 5269
173
174
175
176 636 2353 2441 2458 3519 9606
177 421 638 1983
178 1894 3720 8585 9085
180
181
182
183 1622 8063 8261 8436 8468
184 1395
185
186 6181
187
188
189 865 3961 4966
190 1027 2312 7883 7963
191 774 1262
192
193 1225 1917 2568 6651 8196 8627 9105
194 1850 7759
195 4754 8218
196
197
198 6630 9833
199
200 439 831 3785 3928 4094 4463
201
202
203
204
205
206 2488 3012
207 9666
208
209 1410 3369 6100 7485
210 3769 5688
211
212 2958
213 6293 6624 7248
214
215
216 2176 2953 4525 5511 6372 7041 7107 8416 9570
217
218
219 3275 6909 9712
220
221
222 1876
223
224
225 2924 5012 5683 6275 6709 6997
226
227
228
229 1708 2249 3528 3539 5458 7947 8644
230
231
232
233
234
236
237 3923 6551
238
239
240
241
242
243
244
245
246
247
248 6852
249 1495 3470 6991 8889 9218
250 268 3892 4590
251
252
253
254
255
256
257
258 5787
259
260 312 2773
261
262
263 711 2509 6890
265
266
267 5710 8823 8917
269
270
271
272
273
274 1795 3373 3687 3809 3969 4112
275 1992
276
277
278
279 1788 2237 7155 8227
280 811 1833 2668 7251
281
282
283
284 972 2150 4477 5844 8942 9677 9933
285 1871
286
287 1005 2434 2640 4250 4642 5525 6179
288
289
290 1245 3684 4942 7993
291 1387 3668 4276 5088 6148
292
293 3883 6796
294 1749 7561
295 7177
296
297 5161 5837 6915
298 5321 8317 9977
299
300
301 837
302
303
304
305
306 5413
307
308
309
310
311
313
314
315
316
317
318
319
320
321
322
323
324 3053 3137 4915 9390
325
326 1624 2094 7098
328 719 6599 7849
329
330
331 3542 5190 6157 8057
332
333
334
335 1331 1342 3213 7270 8299 9160
336 437 2132 2756 6218 7573 8367 8959
337
338 3118 7504
339
340
341
342 1849 5142 5447 5558
343
344
345
346
347
348
349
350
351 8320
352 658
353 9402 9637
354
355
356
357
358
359
360
361 3670 3752 7811 9169
362 2989 3220 5230 5237 7224 8916
363
364
365
366
367 5407 6177
368 447 1830 1873 3808 6563 7716 8940 9183
369 3563
370
371 6116 6656 7370 7909 8345 8626
373 937 2173 8163 9758
374 1018 2647 2873 3822 3905
375
376
377 6752
378 5379
379 1594 3898 5265 5588 9914
380
381
382
383
384
385
386
387 5666 7741
388
389
390
391
392
393
394
395 4201 4960 7060 8487 9101
396
397
398 3685 3865 8293
399 5876 8033 9213 9334
400
401
402
403
404 5767
405
406
407
408
409 5813
410
411
412
413
414
415 2792 3703
416
417
418 2829 3688 4806 4998 7136 9643
419 1599 1906 3305 5054 7725 8810 9801
420
422
423
424
425
426
427
428
429
430 715 3940 6278
431 6329
432
433 588 984 2361 3507 4327 7118 7266 8105 8385
434 3761
435 3203 3726
436 5974 6640 8773 9674
438
440 4032 5314 6369 6674 6873 9453
441
442
443
444
445
446
448
449
450
451 4469 5519 6561 6578
452
453
455
456 9108
457
458
459
460
461
462 7184 8383 8389
463
464
465 1461 1684 5348 8804 9284
467
468
469
470
471
472
473 4216 4264 4742 5554 5899
474
475
476 1719 6361
477
478
479 7435 8088 8967 9562
480 2116 2820 4241 4360 4391 4547 5159 5610
481
482 2170 3781 5937 6350 7200
484 7362
485 1922 2562
486
487
488 1344 1434 1555 2284 3583 6558 7568 8656 8957
489
490
491
492
493
494
495 4984
496 1976 3145 3481 3706 5320 6986
497
499
500
501 630 2308 3177 6782 8741 8830 9895 9904
502
503
504 5165 6556 8670 8955
505
506
507
508
509
510
511
512 2447
513
514 1855 9185
515 2993 4957 8242
516
517 1846
518
519 7834
520
521 3994 6213 6602 9737
522 8245 8950 8994
523 3803 5978 6863 8686 9708
524
525
526 5454
527
528 737 2028 4348 5613 5783
529
530 2218 7720
531 3654
532 2766 3683 7678
533
534
535 4243
536
537 8648
538
539
540
541 3402
542
543
544
545 3929
546 4831 7401
547
548
549 818 2717 3161 6413
550
551
552 7674
553 7212
554
555
556
557
558
559
560 2690
561 9806
562
563
565
566 6367 9676 9936
567
568
569
570
571
572 1888 2915 9762 9834
573
574
575
576
577
578
579
580
581
582
583
584
585
586
587 5312 8151 9320
589
590
591 983 1543 1843 4281 5901 6596 7175 7526
592 3083
593
594 4356
595
596
597
598
599
600
601
602
603
604
605
606 1919 6086 6965 8838 9517
607
608 1003 5893
609
610 3263 4375 6617 8575
611
612
613 3995 5026
614
615
616
617
618 7042 7361
619 7749
620 5698 7327
621 1426 3446 3847 4345 5220 6190
622 3457 6835
624 3324 3355 3506 6176 7621
625
626 4383
627
628
629
631
632
633 2177
634
635 2830 3201 4438 5116 9569
637
639 4854 6079 7083
640
641
642
643 2506
644
645
646
647
648 4355 7923 8418
649
650 1675 5910 7026
651
652
653
654
655
656
657 3000 7095
659
660 3556 3605 4239 5918 7668 8598 9475
661
662
663 4428
664
665 4532 4799 5696 6312 8424 9378
666
667
668 914 2464 2772 8665
669
670
671
672
673
674 3527 4706 4961 8496
675
676
677 2041 2097 2252 2262 2911 2925 5986 7436 9931
678
679
680 3851
681 2401 3105 3561 3628 4156 4844 6154 7354 9476
682
683
684
685
686
687
688 3567 3710 4652 6078
689
691
693 8068
694
695
696
698
699
700 3888
701
702
703 3292 5359
704
705
706 7195
707
708 1664 1925 5612 5700
709
710
712
714
716 5075 8743
717
718
720
721 939 5210 5684 6143 7275
722
723
724
725
726
727 1985 2270 2507 3818 4240 7099 8061 8390
728 1232 1975 3463 3699 5584 6981 9479
729 747 4517 6238 8960
730
731 1321 4418 5969 7629
732
733
734
735
736
738
739
740 2292 3342 7673
741
742 7385
744
745
746
748
749
750
751
752
753 6394 6541
754 3650 5760 6139 9193
755 2445
756
757
758
759
760
761
762
763
764
765 3793 5383
766
767 2068 3902 5455 8839 9942
768
769
770
771
772
773 985 3326 7467 9432 9642
775
776
777 1304 7721 7895
779
780 1372 4527 6538 9265
781
782
783 6065
784
785 1318
786
787
788
789 3130 3378 3819 4749 5955 6001 7398
790
791
792 5330
793
794
795
796
797 2051
798
799
800
801
802
803
804 2997
805 4451 9184
806
807 8815
808 9348
809
810
812
813
814
815
816 933 1957 5211 8674
817
819 4018 5530 7654
820 1853
821
822
823 1366 2224 3942 5072 5911 6070 9055 9671
824
825 1429
826
827 5657
828
829 1484 1603 6249 6298 8854
830
832
833
834
835
836
838 9827
839
840
841
842
843
844
845
846
847 3217 4592 4704 5388 8223 9346 9753
848
849 1935 4541
850 4296 5778
851
852
853
854
855
856 4924 6871 7293 8850
857 1148 2528 5288
858
859
860 1589 1900 5029 5390
861 1809 4131 4730
862
863 1112 2091 2285 3079 8386
864
866 2735 2936 4488 6693 7124 8267
867
868 2786 2940 6161 9172
870
871 1487 7662
872
873
874
875
876 2382 8752
877
878
879
880
881
882
884 2926 5695
885
886 7438
887
888
890
891 1716 4295 4554 8720 8928
892
893
894 1246 3215 3881 7066 8796
895
896
897 1378 1818 2755 3518 4271 5277
898
899 1538
900 1069 1666 1807 4376 5755
901
902
903
904
905 1933 2676 3417 7009 7351
906
907
908
909
910
911
912
913 2171
915
916
917
918
919
920
921 1185 2545 2721 3375 4841
922
923 7161
924
925 1456 3407
926
927
928
929
930
931
932 2056
934
935
936
938
940 9354
941 4287 5006 8260
942
943 1153 3891 5179 9106
944
945
946
947
948
949
950
951 6783
952
953
954
955 3679
956 7392 7511
957
958
959
960
961 2379 3408 3920
962
963
964
965
966 6040
967
968
969 2015 4584 5346 5835 9607
970
973 3475
974 1165 1639 3154 4657 7659
975
976
977
978
979
980
981
982
986
987
988
989 2322 5879 6018 6138 6224 7021
990
991
992
993
994
995
996 1768 5951
997
998
999 1164 7690
1000
1001 3424 4033 4070 6671
1002
1004
1006
1007
1008
1009
1010 6576 6645 8599
1011
1012
1013
1014
1015
1016
1017 7284
1019 6456 8690
1020
1021 2746 3521 5578 5905 9365 9376 9783
1022 1414 3318 3783 4556
1023
1024 5717 7506
1025 1914 7508 9686
1026
1028
1029
1030
1031
1032
1033
1034
1035
1036
1037
1038 2473 7194 7296 8038
1039
1040
1041 9786
1042
1043
1044 2075 9715
1045
1046
1047
1048 2970
1050
1051
1052
1053 1744
1054
1055 3500 8262
1057
1058
1059
1060
1061 4052 5187 5282 8084
1062
1063
1064
1065 4452
1066
1067
1068
1070 2987 4819 5833 9613
1071 8866 9543 9791
1072
1073
1074 9884
1075
1076
1077
1078
1079 2636 2744 5105
1080
1082
1083
1084 1141 8433
1085
1086
1087
1088
1089
1090
1091
1092
1093
1094 2086 2857 5162
1095
1097
1098
1099 4802 5718 7368 9635
1100
1101
1102
1103
1105
1106 7373 9329 9380
1107 1189 1884 3722 3845 5963 8096
1108
1109
1110 1625 1797 2515 6571 9768
1111
1113
1115
1116
1118
1119
1121
1122
1123
1124 1697 2658 4108 4641 5885 9576
1125 2503
1126 8746
1127 9114
1128
1129
1130
1131 2063 2146 2707 3719 4552 5451
1132
1133
1134
1135
1136
1137
1138
1139
1140
1142
1143
1144
1145
1146 3844
1147
1149 7972
1150
1151
1152 2314 9157
1154
1155 2060 5748
1156
1157
1158 7560
1159 1275 2703 2990 3462 3584 3655 6971 8696
1160
1161
1162
1163
1166
1167
1168
1169 2637 5033 8489
1170 4732
1171
1172
1173
1174
1175
1176
1177
1178
1179
1180
1181 1932 3022
1183 2113
1184
1186 6020
1187
1188
1190
1191
1192
1193
1194
1195 4390 4944 7982 8419
1196
1197
1198
1199
1200 1965 5815 6217
1201
1202 3974
1203
1204
1206 1326
1207
1208
1209
1210
1211
1212
1213
1215
1216
1217
1218
1219
1220 1889 2064
1221 3574 4012 8630 9784
1222 1655 8725
1223
1224
1226
1227
1228
1229
1230 5830
1231
1233
1234 3153
1235
1236
1237
1238
1239 3469 4538 6279 7165
1240
1241
1242
1243
1244
1247 3513 4178 6960 7278 7589 9077 9401
1248 8811
1249 2291 4677 7756
1250
1251
1252
1253 1476 2571
1254
1255
1256 5106 5158 5368 7893 8526 9780
1257
1258
1259 1881 3533 8065 8668
1260
1261 1746 4468 5618
1263
1264
1265
1266
1267 2435 3672 9131
1268
1269 1356 2837 9661
1270
1271
1272
1273
1274 9162
1276
1277
1278
1279 4009 7709
1280
1281
1282
1283
1284
1285
1286
1287
1288
1289
1290
1291 1690 8706
1292
1293
1294
1295
1296
1297
1298
1299
1300 2140 2796 5045 9307
1301 3261 3316
1302 1428 3059
1303
1305
1306
1307
1308
1309 9729
1311
1312 2933
1313
1314 4607 4943 5464 7260 8510
1315
1316
1317
1319
1320
1322
1323 2514 4766
1324
1325
1327
1328
1329
1330
1332
1333 1447 3852 8714
1334
1335
1336 2483 2741 4357 6410 6611 8640 8779 9621
1337
1338
1339
1340
1341
1343
1345
1347 4768 7047 7336
1348 8705
1349 6699 7968 8901
1350
1351
1353
1354
1355
1357
1358
1359
1360
1361 3530 5147 5948 9840
1362
1363 2469 7535
1364
1365 1632 4152 4524 5358 6662
1367 1695 1926 1952 6035 8463
1368
1369
1370
1371
1373
1374
1375
1376
1377
1379
1380
1381
1382 2779 5365 7050 7748 7888
1383
1384
1385
1386
1388
1389
1390
1391 1977 4336 7533
1392
1393
1394
1396
1397
1398
1399 7530 8239
1400 2266 2381 2946 3486 5055
1401
1402
1403
1404
1405
1406
1407
1408
1409
1411
1412
1413
1415
1416
1417
1418
1419
1420
1421
1422
1423 1779
1424
1425 7135
1427 6168
1430
1431 3270 6940 7664 9508
1432
1433 2530 7767 8010
1435
1436 3692
1437
1438
1439
1440
1441
1442
1443
1444
1445 5406 6682
1446
1448 2699
1449
1450
1451
1452
1453
1454
1455
1457
1458
1459
1460
1462
1463
1464
1465 1953 2313 4453 5339
1466
1467
1468
1469
1470 4490
1471
1472 2440 3906 5234 5889
1473 6304 7252 7904 9074
1474
1475
1477
1478
1479
1480
1481
1482
1483
1485 3413 4691 5129 8101 9428
1486
1488
1489
1490
1491 7689 8589
1492
1493
1494 1942 7187 7517
1496
1497
1498
1499 3520
1500
1501
1502
1503
1504
1505
1506
1507
1508
1509
1510
1511
1512
1513 4335 5841 7065
1514
1515
1516
1517
1518 5989
1519
1520
1521
1522 6390
1523
1524
1525 4414
1526
1527
1528
1529
1530
1531 2889
1532
1533
1534
1535
1536
1537
1539
1540 7472 7524 9777
1541
1542
1544
1545
1546 2534 7057 9924
1547
1548
1549
1550 2315
1551 5648 6768 7584 7618 9459
1552
1553 4171 4970 5590 8975
1554
1556
1557 7034
1558 1772 8255 9264
1559
1560 1892 2199 2395 3739 7227 7954
1561
1562 3731 4313 4409 4507 5290 6323
1563 3243 5373 8236 9237
1564 7474 8256
1565 5275 5349 5774 8266
1566
1567
1568
1569
1570
1571
1572 7927
1573
1574
1575
1577
1578
1579
1580 1758 2586 2694 3340 4007 5768
1581 2172 3597 8188 8493
1582
1583
1584
1585
1586
1587
1588
1591
1592 6868 8528
1593 2808 5736 7173
1595
1596
1597
1598
1600 2444 4620 5476 8335
1601
1602
1604
1605
1606 5079 9007
1607 2643 3106 3185 4800 5084 6646 7219
1608 3194 4002 6557 7142 7546 7715 8270
1609 7049 7100
1610 3202 5559 5898 8930 9639
1611
1612 2804 3814 3867 4617 5991
1613 5860 6016
1614
1615 1979 2559 3744 6114 6826
1616
1617
1618 1689 5890
1619
1620
1621
1623 2809 5212 5385 7340
1626
1627
1628
1629
1630
1631
1633
1634
1635
1636
1637
1638
1640
1641
1642 5852
1643
1644
1645 3187 8269
1646
1647
1648
1649
1650
1651
1652
1653 1740 2508 5872 9727
1654
1656
1657
1658
1659 7862
1660 4825 5404
1661
1662
1663
1667
1668
1669
1671
1672 2071 2685 4188
1673 8168
1674
1676
1677
1678
1679 3147 9303
1680 8295
1681
1682
1683
1685
1686
1687
1688 3836 4750
1691
1692 4102 7226 8890
1693
1694
1696
1698
1699
1700
1701 1828 3832 4037 4744 4827 6832 7505
1702
1703
1704
1705 6987
1706
1707 2047 6723 8580
1709
1710
1711
1712
1713
1714
1715
1717
1718
1720 6787
1721
1722 3081 3346 3871 4164 6777 6887 8169 8272 8852
1723 2151 5713 6291 6956 7614 9767 9967
1724 7996
1725 3579 4104 4864 5908 7087 8294
1726 6310
1727
1728
1729 7316
1730
1731
1732 1865 9983
1733
1734 1770
1735 2439 5152 6049
1736 3430 6045 6348 6849 8146
1737 2477 3880
1738
1739
1741
1742 3538 4370 6830 7540 7691
1743
1745
1747
1748 4359 9413
1750
1751 5776
1752
1753 2983
1754 8549
1756
1757
1759
1760
1761
1762
1763
1764
1765
1766
1767
1769
1771 5668
1774 2682 4793 6069 6738 7682 7932 9624
1775
1776
1777
1778
1780
1781 3238 4408 5137 6374 7457
1782
1783
1784
1785
1786
1787
1789
1790
1791
1792 9094
1793
1794
1796
1798
1799
1800
1801
1802
1803 8622
1804
1805 7590 9653
1806
1808
1810
1811
1812
1813 7576
1814
1815 5171 7449
1816
1817 6393
1819 4351 4776 7750
1820
1821
1822
1823
1824
1825 2121 3205 5690 6235 7140 7987 9208 9444
1826
1827
1829
1831
1832
1834
1835
1836
1837
1838
1839
1840
1841 4698 9540
1842
1845
1847
1848
1851 6239
1852 2007 2214 6042 9803
1854 8018 8582
1856
1857
1858
1859 9485
1860
1861
1862
1863
1864
1866
1867
1868
1869
1870 2195 4790 4798 5322 6113 6733 8302 9947
1872
1874
1875
1877 4625 4634 7196 8936 9964
1878
1879
1880
1882 8813
1883
1885
1886 2106 3014 4407 8797
1887
1890
1891 3442 4721 9175
1893
1895
1896
1897
1898
1899
1901
1902
1903
1904
1905
1907 4053 7642 9076
1908 3391
1909
1910
1911
1912 6663
1913 2438
1915 3075 4752 7458
1916
1918
1920
1921
1923
1924
1927
1928
1929
1930
1931
1934
1936
1937
1938
1939
1940
1941 6609 7396
1943 3192 7113
1944
1945 2339
1946
1947
1948
1949
1950
1951
1954
1955
1956
1958 5571
1959 7499
1960
1961
1962
1963
1964
1966
1967 5772
1968
1969
1970 7174 8077
1971
1972
1973
1974
1978
1980
1981
1982
1984
1986
1987 6027 7391
1988
1989
1990
1991
1993
1994 2478 5293 5380 7926
1995
1996
1997
1998
1999
2000
2001
2002
2003
2004
2006
2008
2009
2010 8667
2011
2012 4873 5361 5631 8398 9427
2013
2014
2016
2017
2018
2019
2020
2021
2022
2023
2024
2025
2026
2027 4322
2029 6056
2030
2031
2032
2033 2159 2238 4978 5335 5401 5417 5645 5812
2034
2035 8325
2036
2037
2038 4135 5168 5495 8032
2039
2040
2042
2043
2044
2045
2046 7137 7492 8551
2048 4838 4908
2049
2050 2407 3644 4177 4436 8259
2052
2053
2054
2055
2057
2058
2059
2061 2365 2900 5462 5942 8342 8401 8508 9341
2062
2065
2066
2067 5378
2069
2070
2072 2949 6095 8455
2073 6260 6296 6324 6842
2074
2076
2077
2078
2079 6799
2080
2081 2198 4861 6435 8997 9617 9917
2083 5758 6098 6484 9082
2084
2085
2087
2088
2089 2145 4714 5920 7437 7635 8896
2090
2092
2093
2095
2096
2098
2099
2100
2102 6568
2103 5097 9194
2104 6299
2105
2107
2108
2109
2110
2111
2112
2114
2115
2117
2118
2119
2120 4111 5015 5789 5900 6855 8121 9718
2122
2123
2124
2125
2126
2127
2128
2129
2130
2131
2133
2134
2135
2136
2137
2138
2139
2141 4575 4792 7623 8149 9911
2142
2144
2147
2148
2152
2153
2154
2155 4160
2156
2157
2158
2160
2161 3489 4286 6592 8875 9275
2162 2555 4795 6203 7297 7553 8883
2163
2164 3411
2165
2166 8328
2167 3386 4041
2168
2169
2174
2175 8807
2178
2179 7269
2180 3174 4374 4676 9605
2181
2182
2183
2184 4922 5389
2185
2186
2187
2188
2189 4029
2190
2191
2193 2411
2194
2196
2197
2200
2201
2202 2753 5114 5296 7272
2203
2204
2205
2206 6758 7131 7539
2207 2228 3517 6903 8571 9156
2208
2209
2210
2211
2212
2213
2215
2216 3159
2217 5217
2219
2220
2221
2222
2223
2225
2226
2227
2229
2230
2231
2232
2233 6659 8849
2234
2235
2236
2239
2240
2241
2242
2243
2244
2245
2246
2247
2248
2250 9998
2251
2253
2254
2255
2256
2257
2258 7512
2259
2260
2261
2263
2264
2265
2267
2268
2269
2271
2272
2273
2274
2275 2718 3248 4537 5560 8445
2276
2277
2278
2279
2280
2281
2282
2283
2286
2287
2289 4529
2290
2293
2294 2298 5485 6401 8786
2295
2296 9471
2297
2299
2300
2301
2302
2303
2304 9813
2305
2306 7567
2307
2309
2310
2311
2316
2317
2318 3441 5487 8233 8935 9490
2319 5235 9254
2320
2321
2323 5536 7946
2324
2325
2326
2327
2328
2329
2330
2331 2672 4616 6175 6854
2332 6117
2333
2334
2335
2336
2337
2338 2481 3987
2340
2341
2342
2343
2344
2346
2347
2348
2349 6528 7579
2350 6108 7335
2351
2352
2354 9081
2355
2356
2357 3313 6395 8357
2358
2359 8130
2360
2362
2363
2364
2366
2367
2368
2369
2370
2371
2372
2373
2374
2375
2376
2377
2378 3490
2380 7240 9685
2383
2384
2385 5585
2386
2387
2388
2390
2392 2399 4586 6155
2393
2394 2564 3733 4499 4503
2396
2397
2398
2400 9761
2402
2403
2404
2405
2406 5042
2408
2409
2410
2412
2413
2414
2415 2460
2416
2418
2419
2420
2421
2422
2423
2424
2425
2426
2427
2428
2429
2430
2431
2432
2433
2436
2437
2442
2443
2446
2448
2449 3032 4273 9646
2450
2451 2664 3802 5333 7203 7705
2452
2453
2454 4199
2455
2456
2457
2459
2461
2463
2465
2466
2467 6644 9587
2468
2470 4505 7166 7820 7994
2471
2472 5733
2474 6388
2475
2476 8369 9651
2479
2480
2482
2484
2485
2486
2487 5894 8737 8979
2489
2490
2491
2492 5805 8638
2493
2494
2495 2501 5213 5225 5888 7791 8029 8899 9984
2496
2498
2499
2500 3774 9356 9575
2502 6750
2504
2505
2510
2511
2512
2513
2516
2517
2518
2519
2520
2521
2522 3917
2524
2525
2526
2527
2529
2531
2532
2533
2535
2536
2537
2538 3759
2539 9097
2540 5850 8835
2541
2542
2543
2544
2546
2547
2548
2549
2550
2551 8079
2552
2553
2554
2556
2557
2558
2560
2561 2973 4449 4891 6748 8966
2563
2565 6601 9298
2566 6727
2567
2569
2570
2572 2743
2573
2574
2575
2576
2577
2578
2579
2580
2581
2582 6252 8165 9970
2583
2584
2585
2587
2588
2589
2590 3399
2591
2592 8460
2593
2594 3180 5311 5822 6510 6778 8605 9309
2595
2596
2597
2598
2599
2600
2601 9352
2602
2603
2604
2605
2606
2607
2608 3420 4491 5182 7732
2609
2610
2611
2612 4143 7150 7884 8185 8206 9511
2613
2614
2615
2616 4693
2617
2618
2619
2620
2621
2622 9819
2623 7001
2624
2625 4835 7822 9515
2626
2627
2628 7626 8597 8922 9742
2629
2630
2631
2632
2633
2635
2638
2639
2641
2642 4119 5107 6173 6313 8473 9339
2644
2645
2646
2648
2649
2650
2651
2652
2653
2654 7090
2655
2656
2657 4026 6169
2659
2660
2661
2662
2663 4049 4843 5279 5795 8868
2665
2666
2667
2669
2670
2671
2673
2674 8078
2675 9258
2677
2678
2679
2680 7624
2681
2683
2684
2686
2687
2688 6938 7309
2689
2691
2692
2693
2695
2696
2697
2698 6932 8562
2700
2701
2702
2705 6565
2708
2709
2710
2711 4161 4516 8718
2712
2713
2714
2715 9735
2716
2720
2722
2723
2724
2725
2726
2727
2728
2729
2730
2731
2732
2733
2734 5343
2736
2737
2738
2739
2740
2742
2745
2747
2748
2749
2750 3596 6581 8812
2751
2752
2757 3111 4814 8311 9393 9563 9741
2758
2759
2760
2761
2762 6923
2763
2764
2765
2767
2768
2769
2770
2771
2774
2776
2777
2778
2780
2781
2782
2783
2784
2785 8157 9825
2787
2788
2789
2790
2791
2793
2794
2795
2797
2798
2799
2800
2801
2802 8074
2803
2805
2806
2807 4945 5400 9787
2810 3040 4935 5101 6714 9316
2811
2812
2813
2814
2815
2816
2817
2818
2819 3704
2821 3028 3816 7306 7516 7633 7815
2822
2823
2824
2825
2826
2827
2828
2831
2832
2833
2834
2835
2836
2838
2839
2840
2841
2842 5164 7607 7693 9115
2843
2844
2845
2846
2847
2848 4332
2849
2850 9370
2851
2852
2853
2854 9820
2855
2856
2858 4663 5336 7569 7796 9525
2859
2860 4480 5002 8115 8623 9556
2861
2862
2863
2864
2865
2866
2867 4078 4840 4933 8747
2868
2869
2870
2871
2872
2874 3437
2876
2877 5557 7246
2878
2879
2880 5315 5882 6641 8673
2881
2882
2883
2884
2885
2886 4834
2887
2888
2890
2891
2892
2893
2894 3060 5724 7347
2895
2896
2897
2898
2899
2901
2902
2903
2904
2905
2906
2907
2908
2909
2912
2913
2914
2916
2917
2918
2919
2920
2921
2922
2923
2927
2928
2929
2930
2931
2932
2934
2935
2937
2938
2939 8733
2941 4212
2942
2943
2944
2945
2947
2948
2950
2951
2952
2954
2955
2956 3952
2957 4885
2959 4474 8343
2960
2961
2962
2963 5925
2964
2965 4774 5011
2966
2967
2968
2969 7480 8297 9092
2971
2972
2974
2975
2976
2977
2978
2979
2980
2981
2982 5053 8240
2984 6220 8614
2985
2986
2988
2991
2992
2994
2995
2996
2998 3108 9896
2999 8509
3001
3002
3003
3004
3005
3006 8712 9250
3007 3416 8093
3008
3009
3010
3011
3013 4880 7620 7639 9053
3015
3016
3017
3019
3020
3021
3023
3024 4103 6153 7466 9225
3025
3026
3027
3029
3030 3848
3031
3033
3034 3303 3790 7403 9862
3035
3036
3037
3038
3039
3041
3042
3043
3044
3045
3046
3047 4850 6328 6405
3048
3049
3050
3051
3052
3054
3055
3056
3057
3058
3061
3062
3063
3064
3065
3066
3067
3068
3069
3071
3072
3073
3074
3076
3077
3078
3080
3082
3084
3085
3086
3087 4439 4950 6215
3088
3089
3090
3091
3092
3093
3094
3095
3096
3097
3098
3099
3100
3101
3102
3103
3104
3107
3109
3110
3112
3113 8723 8824
3114
3115
3116
3117
3119
3120
3121
3122
3123
3124
3125
3126
3127 3573
3128
3129
3131 5377
3132
3133
3134
3135
3136
3138 7938
3139
3140
3141
3142
3143
3144
3146
3148
3149
3150
3151 4684
3152
3155
3156
3157
3158
3160 5816 6688 7097
3162
3163
3164
3165
3166
3167 5204 5909
3169
3170
3171
3172
3173 6087
3175 3508 4647 6145 6722
3176
3178
3179
3181
3182
3183
3184
3186
3188
3189
3190
3191 3212
3193
3195
3196
3197
3198
3199 3392 5295 5419 7210
3200
3204
3207 3294 8477
3208
3209
3210 3639 8977
3211
3214
3216
3218
3219
3221
3222 9850
3223 3741
3224
3225
3226 3281 4747 5328 8451 8453 9210
3227
3228
3230
3231
3232
3233
3234
3235
3236 4615 6399 7012 9516
3239
3240
3242
3245
3246
3247
3249
3250 9881
3251
3252
3253
3254
3255
3256
3257
3258
3259
3260
3262
3264
3265
3266 8246
3267 4550 9859
3268 8962
3269
3271 8715
3272
3274
3276 6907 8232 9626
3277
3278
3279
3280
3282
3283
3284
3285
3286 3634 4519 8584 9632
3287
3288
3289
3290
3291
3293
3295 7380 9327
3296
3297
3298
3299
3300
3301
3302
3304
3306
3307
3308 4783 5448
3309 6478 6503 6954
3310
3311 7463
3312
3314
3315
3317
3319
3320 3842 6103
3321
3322
3325
3327
3328 7755 8248
3329
3330
3331 7381 8435 9601
3332
3333
3334
3335
3336
3337
3339
3341
3343
3344
3345
3347
3348
3349
3350
3351
3352
3353
3354
3356
3357
3358
3359
3360
3361
3362
3363
3364
3365
3366
3367 4230 5491 6861 7808 9861
3368
3370
3371 3768 4573 4643
3372 9954
3374
3376
3377
3379
3380
3381
3382
3383
3384
3385 4187 7159 7232 8514 8776
3387
3388
3389
3393
3394
3395
3397
3398 4416
3400
3401
3403
3404
3405
3406
3409 4186 6452
3410
3412
3414
3415 5797
3418
3419
3421
3422
3423 4253
3425 5798
3426
3427
3428
3429
3431
3432
3433
3434
3435 5913 7337
3436
3438
3439
3440
3443
3444 4805
3445
3447
3448
3449
3450
3451
3452
3453
3454
3455 5904 7557 9774
3456
3458
3459
3460
3461
3464
3465
3466
3467
3468
3471
3472
3473
3474
3476
3477 7440 8620
3478
3479
3480 7577 8358 9445
3482
3483
3484
3485
3487
3488
3491
3492
3493
3494
3495
3496
3497
3498
3499
3501
3502
3503 8848
3504
3505
3509
3510
3512
3514
3515
3516
3522
3523
3524
3525
3526
3529
3531
3532
3534
3535
3536 7201 8596
3540
3541
3543
3544
3545
3546
3547
3548
3549
3550
3551
3552
3553
3554 7331 7940 9240
3555 4467
3557
3558 5364 7464 9869
3559 7105 9086
3560
3562
3564
3565
3566
3568
3569
3570
3571
3572
3575
3576
3577
3578
3580
3581
3582
3585
3586
3587
3588
3589
3590
3591
3592 9366
3593
3594
3595
3598
3599
3600
3601 7350
3602
3603
3604 9750
3606
3607 4671 5109 5599 7867 8661
3608 8498
3609
3610
3611 3712 4076 5252
3612 9692
3613
3614
3615
3616
3617
3618 5637 6066 7188 8745
3619
3620
3621
3622 4263
3623
3624
3625
3627
3630
3632 5223 5301 9631
3633
3635
3636
3637
3638
3640 4352 5489
3641
3642
3643
3645
3646
3647
3648
3649
3651
3652
3653 5902
3656
3657
3658 5555 9857
3659
3660
3661
3662
3663 4940 8569
3664
3665
3666
3667
3669
3671
3673
3674 4767 4842 5465 5598 6654
3675
3676
3677
3678
3680
3682
3686
3689 4804
3690
3691 7790
3693
3694
3695
3696
3697
3698
3700
3701
3702
3705
3707
3708
3709
3711
3713 6090
3714 6806
3715
3716
3717
3718
3721
3723
3724
3725 4845 8361
3727
3729
3730
3732 5952
3734
3735
3736
3737 4486 6867
3738
3740
3742 9749
3745 6391 6463 8646 9886
3746
3747
3748
3749
3750
3751
3753
3754
3755
3756
3757
3758
3762
3763
3764
3765
3766
3767
3770
3771 4128 5615 8318
3772 5526
3773 5654
3775
3776
3777
3778
3779
3780
3782
3784
3786
3787
3788
3789
3791 5251
3792
3794
3795 8827 9232
3796
3797
3798
3799 4531
3800 5633 5873
3801
3804
3805
3806
3807
3810
3811 8475
3812
3813
3815
3817
3820
3821
3823
3824
3825 5240
3826
3827
3828
3829
3830
3831 9865
3833 9923
3834
3835
3837
3838
3839
3840
3841
3843
3846
3849
3850
3853
3854 7486 8783
3855
3856
3857
3858
3859
3860
3861 4079 6373 7110 7125 8862 9080
3862 5000
3863 4154 8762
3864
3868
3869
3870
3872
3873
3874
3875
3876
3877
3878 9273
3879
3882
3884
3885
3886
3887
3889 5715 6272 8543 9663
3890
3893
3894
3895
3896
3897
3899
3900
3901
3903 9659
3904 7838
3907 5727 7698 9689
3908
3909
3910
3911 6555
3912
3913
3914
3915
3916
3918
3919
3921
3922 7701 9486
3924
3925
3926
3927 4930
3930
3931
3932
3933
3934
3935
3936 7739
3937 5247 5276 6326 8023 9710
3938
3939
3941 5009
3943 5410 9083
3944
3945 4144
3946 3997 6616 7123
3947
3948
3949
3950
3951
3953
3954
3955
3956
3957
3958
3959
3960
3962
3963
3964
3965
3966
3967 6337 9012
3968
3970
3971
3972
3973
3975
3976
3977
3978
3979
3980
3981
3982
3983
3984
3985
3986
3988
3989
3990
3991
3992
3993
3996
3998
3999
4000
4001
4003
4004
4005
4006
4008
4010
4011
4013
4014
4015
4016
4017
4020 8017
4021
4022
4023
4024 7835
4025
4027
4028 5340 6961
4030
4031
4034
4035
4036
4038 5183 7948
4039
4042 4155
4043
4044
4045 5264
4046
4047
4048
4050
4051
4054
4055 5506 7441 7774 8122
4056
4057
4058 4489 6442 8870
4059
4060
4061
4062
4063
4064
4065
4066
4067
4068
4069
4071
4072
4073
4074
4075
4077
4080
4081
4082
4083
4084
4085
4086
4087
4088
4089
4090
4091
4092
4093
4095
4096
4097
4098
4099
4100
4101 5646 6129 7510 7787 8410
4105 7566
4106 7082 9423
4107
4109
4110
4113 6572 8160 8458
4114
4115
4116
4117
4118
4120
4121
4122
4123
4124
4125
4126
4127
4129 5682
4130
4132 4194 4251
4133
4134
4137
4138
4139 5831
4140
4141
4142
4146
4147
4148
4149 7582
4150
4151
4153
4157
4158 7782
4159
4162
4163
4165
4166
4167
4168 7564
4169
4170
4172 8016
4173
4174 4496 5031
4175
4176
4179
4180
4181
4182
4183
4184
4185
4189
4190 5817 8576 9297 9589
4191
4192 5771
4193
4195
4196
4197
4198 7454 8086 9016 9452
4200
4202
4203
4204
4205
4206
4207
4208
4209
4210
4211
4213
4214
4215
4217
4218
4219 4328 6802
4220
4221 6242 6305 7676
4222
4223
4224
4225
4226
4227
4228
4229
4231
4232
4233
4234
4235
4236 4448
4237
4238
4244
4245
4246
4247
4249 9287
4252
4254
4255
4256
4257
4259
4260
4261
4262
4265
4266 5907
4267
4268
4269
4270
4272
4274 4644 7889 9940
4275
4277
4278
4279
4280 6495
4282
4283
4284
4285
4288
4289
4290
4291
4292
4293
4294
4297 8459
4298
4299
4300
4301
4302
4303
4304
4305
4306
4307
4308
4309
4310
4311 4462
4312
4314
4315
4316
4317
4318
4319
4320
4321
4323
4324
4325
4326
4329
4330
4331
4333
4334
4337
4338 5398
4339 7032
4340
4341
4343
4344
4346
4347
4349
4350
4353
4354 4670 6762
4358 4483
4361
4362
4363
4364
4366
4367
4368
4369
4371
4372
4373
4377
4378
4379
4380 4954
4381 7563 8439 9013
4382
4385
4386
4387
4388 7220 8634 8986
4389 7265 8611 8678
4392 8265 9256
4393
4394 5281 7478 9025
4395
4397
4398
4399
4400 9472
4401
4402
4403
4404
4405
4406
4410
4411
4412
4413
4415
4417
4419
4420
4421
4422
4423
4424
4425 8113
4427
4429
4430 5298 5759
4431
4432 4520
4433
4434
4435
4437
4440
4441
4442
4443
4444
4445 8757
4446
4450
4454
4455
4456
4457
4458 9266
4459
4460
4461
4464
4465
4466
4470
4471
4472
4473
4475
4476
4478 7728
4479
4481
4482 8263
4484 8372
4485
4487
4492
4493 8521
4494 6322
4495
4497
4498
4500
4501
4502
4504
4506
4508
4510
4511
4512
4513
4514
4515
4518
4521
4522
4523
4526
4528
4530
4533
4534
4535
4536
4539
4540
4542 6221
4543
4544
4545
4546
4548
4549
4551
4553
4555
4557
4558
4559
4561
4562
4563
4564
4565
4566
4567
4568
4569
4570
4571
4572
4574
4576
4577
4578 6851 7594
4579
4580
4581
4582
4583
4585
4587
4588
4589
4591
4593
4594
4595
4596
4597
4598
4599
4600
4601
4602
4603 6858 8354
4604
4605
4606
4608
4609
4610
4611
4612
4613
4614
4618
4619
4621
4622
4623
4624
4626
4627
4628
4629 5796
4630
4631 9723
4632
4633
4635
4636
4637
4638
4639
4645
4646
4648
4649
4650
4651
4653
4654
4655
4656 8412 9364 9422 9826
4658 5233 9043
4659
4660
4661
4662
4664
4665
4666
4667
4668 5891 6559 7855
4669
4672
4673
4674
4675
4678
4679
4680
4681
4682
4683
4685
4686
4687
4688
4689
4690
4692
4694
4695
4696
4697
4699
4700
4701
4702
4703
4705
4707
4708
4709
4710
4711
4712
4713
4715
4716
4717
4718
4719
4720
4722
4723
4724 9321
4725
4726
4727
4728
4729
4731
4733
4734
4735
4736
4737
4738
4739
4740
4741
4745
4746
4748
4751
4753
4755
4756
4757
4758 9167
4759
4760
4761
4763
4764
4765 4809 7746 9449 9795
4769
4770
4771
4772
4773
4775
4777
4778
4779
4781
4782
4784
4785
4786
4787 5192 8464
4788 6679
4791
4794
4796
4797
4801
4803
4807
4808 7801 8840
4810
4811
4812
4815
4816
4817
4818
4820
4821
4822
4823
4824
4826
4828
4830
4832
4833
4839
4846
4847
4848
4849
4851 6927
4852
4853
4855
4856
4857
4858
4859
4860
4862
4863
4865
4866
4867
4868
4870
4871
4872
4874
4875
4876
4877
4878 5693 8117
4879
4881
4882
4883
4884
4886
4887
4888
4889
4890
4892
4893
4894
4895
4896
4897
4898
4899
4900
4902
4903
4904
4905
4906
4907
4909
4910
4911
4912
4913
4914
4916
4917
4918
4919
4920
4921
4923
4925
4926
4927
4928
4929
4931
4932
4934
4936
4937
4938
4939
4941
4946
4947 8485
4948
4949
4951
4952
4953
4955
4958
4959
4962
4963
4964
4965
4967
4968
4969
4971
4972
4973
4974 8790
4975
4976
4977
4979 6336
4980
4981
4982
4983
4985 9325
4986
4987
4988
4989 6978 9776
4990
4991
4992
4993
4994 5810 7164
4995
4996
4997
4999
5001
5003
5004
5005
5007
5008
5010
5013
5014
5016
5017
5018 6577
5019
5020
5021
5022
5023
5024
5025
5027
5028
5030
5032
5034
5035
5036
5037
5038 6423 7344 9034 9771
5039
5040
5041
5043
5046
5047
5048
5049
5050
5051
5052
5056
5057
5058
5059
5060
5061
5063 6431 7056
5064
5065 5516
5066
5067
5068
5069
5070
5071
5073
5074
5076
5077 7494
5078
5080
5081
5082
5083
5085
5086
5087
5089
5090
5091
5092
5093 5814
5094
5095
5096
5098 9263
5099
5100
5102
5103
5104
5108
5110
5111
5112
5113
5115
5117
5118
5119
5120
5121
5122
5123
5124 8365
5125
5126
5127
5128
5130
5131 7491 8707
5132
5133 8153
5134
5135
5136
5138 9769
5139
5141
5143
5144 5163 8310
5145
5146
5148
5149
5150
5151
5153
5154
5155
5156
5157
5160
5166 8553
5167
5169
5170
5172
5173
5174
5175
5176
5177
5178
5180
5181
5184
5185
5186
5188
5189
5191
5193
5194
5195
5196
5197
5198
5199
5200
5201 6355
5202
5203
5205
5206
5207 8119 9351
5208
5209
5214
5215
5216
5218
5219
5221
5222
5224
5226 8356
5227
5228
5229
5231
5232
5236
5238
5239
5241
5242
5243
5244 5826 9406
5245
5246
5248
5249
5250
5253
5254
5255 5726 7186
5256
5257
5258
5259
5260
5261
5262
5263
5266
5267
5268
5270
5271 9910
5272
5273
5274
5278
5280
5283
5284
5285
5286
5287
5289
5291
5292
5294
5297
5299
5300
5302 8636
5303
5304
5305
5307
5308
5309
5310
5313
5316 5572 6077
5317
5318
5319
5323
5324
5326
5327
5329
5331
5332
5334
5337
5338
5341
5342
5344
5345
5347
5350
5351
5352
5353
5354
5355
5356
5357
5360
5362 6318
5363
5367
5369
5370
5371
5372
5374
5375
5376
5381
5382
5384 6772
5386
5387
5391
5392 6004 8324
5393
5394
5395
5396
5397
5399
5402
5403
5405
5408
5409
5411
5412
5414
5415
5416
5418
5420
5421
5422
5423
5424
5425 6430
5426
5427
5428
5429
5430
5431
5432
5433
5434
5435
5436
5437
5438
5440
5441
5442
5443
5444
5445
5446
5449
5450
5452
5453
5456
5457
5459
5460
5461
5463 6552
5466
5467
5468 9231
5469
5470
5472
5473
5474
5475
5477 6123 7343
5478
5479
5481
5483
5484
5486
5488
5490
5492
5493
5494
5496
5497
5498
5499 8099
5500
5501
5502
5503
5504
5505
5507
5508
5510
5512
5513
5514
5515
5517
5518
5520
5521
5522
5523
5524
5527
5528
5529
5531
5533
5534
5535
5537
5538
5539
5540
5541
5542
5543
5544
5545
5546
5547
5548
5549 6184 8601
5550 8250 9458
5551 8544 9817
5552
5553
5556
5562
5563
5564
5565
5566
5567
5568
5569
5570
5573 5773
5574
5575
5576
5577
5579
5580
5581
5582
5583
5586
5587
5589
5591
5592 6706 7595
5593
5594
5595
5596
5597
5600
5601
5602
5603
5604
5605
5606
5607
5608
5609
5611
5614
5616
5617
5619
5620
5621
5622
5623 6053 7958 8056
5624
5625
5626
5627
5628
5629
5630
5632
5634
5635
5636
5638
5639
5640
5641
5642
5644
5647
5649
5650
5651
5652
5653 6943
5655
5656
5658
5659
5660
5661
5662
5663
5664
5665
5667
5669
5670
5671
5672
5673
5674
5675
5676
5677
5678 6702 7439
5679
5680
5681
5685
5686
5687
5689
5691
5692
5694
5697
5699
5701
5702
5703
5704
5705 9874
5706
5707
5708
5709
5711
5712
5714
5716 9359
5719
5720
5721
5722
5723
5725
5728
5729
5730
5731
5732
5734
5735
5737
5738
5739
5740
5741
5742 5943 6684 8595
5743
5745
5746
5747
5749
5750
5751
5752
5754
5756
5757
5761
5762
5763
5764
5765
5766
5769
5770
5775
5777 8235
5779
5780
5781
5782
5784
5785
5786
5788
5790
5791
5792
5793
5794
5799
5800
5801
5802
5803
5804
5806
5807
5808
5809
5811
5818
5819
5820
5821
5823
5824
5825
5827
5828
5829
5832
5834 7303 7754
5836
5838
5839
5840
5842
5843 6579
5845 8761
5846
5847
5848
5849
5851
5853 8735
5854
5855
5856
5858
5859
5861
5862
5863
5864
5865
5866 6008
5867 8147
5868
5869
5870
5871
5874
5875
5877
5878
5880
5881
5883
5884
5886
5887
5892
5895 8672
5896 6185
5897 6389
5903
5906
5912
5914
5915
5916
5917
5919 7760
5921
5922
5923
5924
5926
5927
5928
5929
5930
5931
5932 6054 9188
5933
5934
5935
5936
5938
5939
5940
5941
5944
5945 8541
5946
5947
5949
5950
5953
5954
5956
5957
5958
5959
5960
5961
5962
5964 8378
5965
5966 6673
5967
5968
5970
5971
5972 7493
5973 7019 9743
5975
5976
5977 6308
5979
5980
5981
5982
5983
5984
5985
5987
5988
5992
5993
5994
5995 7258
5996
5997
5998
5999
6000
6002
6003 8939 9426
6005
6006
6007
6009
6010 7291 8557 8798
6011
6012
6013
6014
6015
6017
6019
6021
6022
6023
6024
6025
6026
6028 6281 8449 9003 9235
6029
6030
6031
6032
6033
6034
6037
6038
6039
6041
6043
6044
6046
6047
6048
6050
6051
6052
6055
6057
6058
6059
6060
6061
6062
6063
6064
6068
6071
6072
6073
6074
6075
6076
6080
6081
6082
6083
6084
6085
6088
6089
6091
6092
6093
6094
6096
6097
6099
6101
6102
6104
6105
6107
6109
6110
6111
6112 6142 6626 6829 7035 7386 8973
6115
6118
6119
6120
6121
6122
6124
6125
6126 9466
6127
6128
6130
6131
6132
6133
6134
6135
6136
6137
6140
6141 6985
6144
6146
6147
6149
6150 6531
6151
6152
6156
6158
6159
6160
6162 7006
6163
6165
6166
6167
6170
6171 6698 8070
6172
6174
6178
6180
6182
6183
6186
6187
6188
6189
6191
6192
6193
6194 7583
6195
6196
6197
6198
6199
6200
6201
6202
6204
6206
6207
6208 9096 9244
6209
6210
6211 8309
6212
6214
6216
6219
6222
6223
6225
6226
6227
6228
6229
6230
6231
6232
6233
6234
6236
6237
6240
6241
6243
6244 7111
6245
6246
6247
6248
6250
6253
6254
6255
6256
6257
6258
6259
6261
6262
6263
6264
6265
6266
6267
6268 8763
6269
6270
6273
6274
6276
6277
6280
6282
6283
6284
6285
6286
6287
6288
6290
6292
6294
6295
6297
6300
6301
6302
6303
6306
6307
6309
6311
6314
6315
6316
6317
6319
6320
6321
6325
6327
6330
6331
6332
6333
6334
6335
6338
6339
6340
6341
6342
6343
6344 8076
6345
6346
6347
6349
6351
6352
6353
6354
6356 8094
6357
6358
6359
6362
6363
6364
6365
6366
6368
6370
6371 6549
6375
6376
6377
6378
6379
6380
6381
6382
6383
6384 9300
6385
6386
6387
6392
6396
6397 7301
6398
6400
6403
6404
6406
6407 9399
6408
6409
6411
6412
6414
6415 6989
6416
6417
6418 7028
6419
6420
6421
6422
6424
6425
6426
6427
6428
6429
6432
6433
6434
6436
6437
6438
6439
6440 8953
6441 6908
6443
6444
6445
6446
6447
6448
6449
6450 6753 8336
6451
6453 8110
6454
6457
6458
6459
6460
6461 8364
6462
6464
6465 8488
6466
6467
6468
6469
6470
6471
6472
6473
6474
6475
6476
6477 9831
6479
6480
6481
6485
6486
6487 9518
6488
6490
6491
6492
6493
6496
6497
6498
6500
6501
6502
6504
6505
6506
6507
6508
6509
6511
6512
6513 6770
6514
6515
6516
6517
6518
6519
6520
6521
6522
6523
6524
6525
6526
6527
6529
6530
6532
6533 8981
6534
6535
6536
6537
6539
6540
6542
6543
6544
6545
6546
6548
6550
6553
6554
6560
6562
6564
6566
6567
6569
6570
6573 6747 9113
6574
6575
6580
6582
6583
6585
6586
6587
6588
6589
6590
6591
6593
6594
6595
6597 6636 6975 7683
6598
6600
6603
6604
6605
6606
6607
6608
6610
6612
6613
6614
6615
6618
6619
6620
6621
6622
6623
6625
6627
6628
6629
6631
6632
6633
6634
6635
6637
6638
6639
6642
6647
6648
6649
6650
6652
6653
6655
6657
6658
6660
6661
6664
6665
6666
6667
6668
6669
6670
6672
6675
6676
6677
6678
6680
6681
6683
6685
6686
6687
6689
6690
6692
6694
6696
6697
6700
6701
6703
6704
6705
6707
6708
6711
6712
6713
6715
6716 9233
6717
6718
6719
6720
6721
6724
6725
6726
6728
6729
6730
6731
6732
6734
6735
6736
6737
6739
6740
6741
6742
6743
6744
6745
6746
6749
6751
6754
6755
6756
6757
6759
6760
6761
6763
6764 7896
6765
6766
6767
6769
6771
6773
6774 9091
6775
6776
6779
6780
6781
6784
6785
6786
6788
6789
6790
6791
6792
6793
6794
6795
6797
6798
6800
6801 7317
6803
6804
6805
6807
6808
6809
6811
6812
6813
6814
6815
6816
6817
6818
6819
6820
6821
6822
6823
6824
6825
6827
6828
6831
6833
6834
6836
6837 7622
6838
6839
6840
6841
6843
6844
6846
6847
6848
6850
6853
6856
6857
6859
6860
6862
6864
6865
6866
6869
6870
6872
6874
6875
6876
6877
6878
6879
6880
6881
6882
6883
6884
6885
6886
6888
6889
6891
6892
6893
6894
6895
6896
6897
6898
6899
6900 8519 9766
6901
6902
6904
6905
6906
6910
6911
6912
6913
6914
6916
6917
6918
6919
6920
6921
6922
6925
6926
6928
6929
6930
6931
6933
6934
6935
6936
6937
6939
6942
6944
6945
6946
6948
6949
6950
6951
6952
6953
6955
6957
6958 9647
6959 7004
6962
6963
6964
6966
6967
6968
6969
6970
6972
6973
6974
6976
6977
6979
6980
6982 9612
6983
6988
6990
6992
6993
6994
6995
6996
6998
6999
7000
7002
7003
7005
7007
7008
7010
7011
7013
7014
7015
7016
7017
7018
7020
7022
7023 9229 9980
7024
7025
7027
7029
7030
7031
7033
7036
7037
7038
7039
7040
7043
7044
7045
7046
7048
7051
7052
7054 7641
7055
7058
7059
7061
7062
7063
7064
7067
7068 7428
7069
7070
7071
7072
7073
7074
7075
7076
7077
7078 9220
7079
7080
7081
7084
7085
7086
7088
7089
7091
7092
7093
7094
7096
7101
7102 7366
7103
7106
7108
7109
7112
7114
7115
7116
7117
7119
7120
7121
7122
7126
7127
7128
7129
7130
7132
7133
7134
7138
7141
7143
7144
7145
7146
7147
7148
7149
7151
7152
7153
7154
7156
7157
7158
7160
7162
7163
7167
7168
7169
7170 9555
7171
7172 9158
7176
7178
7179
7180
7181
7182
7183
7185 8164
7189 8754
7190
7191
7192
7193
7197
7198
7199
7202
7204
7205
7206
7207
7208
7209
7211
7213
7214
7215
7216
7217
7218
7221
7222
7223
7228
7229
7230
7231
7233
7234
7235
7236
7237
7238
7239
7241
7242
7243
7244
7245
7247
7249
7250
7253
7254
7255
7256
7257
7259
7261
7262
7263
7264
7267
7268
7271
7273
7274
7276
7277
7279
7280
7281
7282
7285 9014
7286
7287
7288
7289
7290
7292
7294
7295
7298
7299
7300
7302
7304
7305
7307
7308
7310
7311
7312
7313
7314
7315
7318
7319
7320
7321
7322
7323
7324
7325
7326
7328
7329
7330
7332
7333
7334
7338
7339
7341
7342
7345
7346
7348
7349 7640
7352
7353
7355
7356
7357
7358
7359
7363
7364
7365
7367
7369
7371
7372
7374
7375
7376
7377
7378
7379 8030
7382
7383
7384
7387
7388
7389
7390
7393
7394
7395
7397
7399
7400
7402
7404
7405
7406 9800
7407
7408 7825
7409
7410
7411
7412
7413
7414
7415
7416
7417
7418
7419
7420
7421
7422
7423
7424
7425
7426
7427
7429
7430 8497
7431
7432
7433
7434
7442
7443
7444 9248
7446
7447
7448
7450
7451
7452
7453
7455
7456
7459
7460
7461
7462
7465
7468
7469
7470
7471
7473
7475
7476
7477
7479
7481
7482
7483
7484
7487
7488
7489
7490
7495
7496
7497 8586
7498 7751 9929
7500
7501
7502
7503
7507
7509
7513
7514
7515
7518
7519
7520
7521
7522
7523
7525 9002
7527
7528
7529
7531
7532
7534
7536
7537
7538
7541
7542
7543
7544
7545
7547
7548
7549
7551
7552
7554
7555
7556
7558
7559
7562
7565
7570
7571
7572
7574
7575 9747
7578
7580
7581
7585
7586
7587
7588
7592
7593
7596
7597
7598
7599
7600
7601
7602
7603
7604
7605
7606
7608
7609
7610
7611
7612
7613
7615
7616
7617
7619
7625 8156
7627
7628
7630
7631
7632
7634 8843
7636 7829
7637
7638
7643
7644
7645
7646
7647
7648
7649
7650
7651
7652
7653
7655
7656
7657
7658
7660
7661
7663
7665
7666
7667
7669
7670
7671
7672
7675
7677
7679
7680
7681
7684
7685
7686
7687
7688
7692
7694
7695
7696
7697
7699
7700
7702
7703
7704
7706
7707
7708
7710
7711
7712
7713
7714
7717 8900
7718
7719
7722
7723
7724
7726
7727
7729
7730
7731
7734
7735
7736
7737
7738
7740
7742
7743
7744
7745
7747
7752
7753
7757
7758
7761
7762
7763
7764
7765
7766
7768
7769
7770
7771
7773
7775
7776
7777
7778
7779
7780
7781
7783
7784
7785
7786
7788
7789
7792
7793
7794
7795
7797 8517
7798
7799
7800
7802
7803
7804
7805
7806
7807
7809
7810
7812
7813
7814
7816
7817
7818
7819
7821
7823
7824
7826
7827
7828
7830
7831
7832
7833
7836
7837
7839
7840
7841
7842
7843
7844
7845
7846
7847
7848
7850
7851
7852
7853
7854
7856
7857
7858
7859
7860
7861
7863
7864
7865
7866
7868
7869
7870
7871
7872
7873
7874
7875
7876
7877
7878
7879
7880
7881
7882
7885
7886
7887
7890
7891
7892
7894
7897
7898
7899
7900
7901
7902
7903
7905
7906
7907
7908
7910
7911
7912
7913
7915
7916
7917 8249
7918
7919
7920
7921
7922
7924
7925
7928
7929
7930
7931
7933
7934
7935
7936
7937
7941
7942
7943
7945
7949
7950
7951
7952
7953
7955
7956
7957
7959
7960
7961
7962
7964
7965
7966
7967
7969
7970
7971
7973
7974
7975
7976
7977
7978
7979
7980
7981
7983
7984
7985
7986
7988
7989
7990
7991
7992
7995
7997
7998
7999
8000
8001
8002
8003
8004
8005
8006
8007
8008
8009
8011
8012
8014
8015
8019
8020
8021
8022
8024
8025
8026
8027
8028
8031
8034
8035
8036
8037
8039
8040
8041
8042
8043
8044
8045
8046
8047
8048
8050
8051
8052
8053
8054
8055
8058
8059
8060
8062
8064
8066
8067
8069
8071
8072
8073
8075
8080
8081
8082
8083
8085
8087
8089
8090
8091
8092
8095
8097
8098
8100
8102
8103
8104
8106
8107
8108
8109
8111
8112
8114
8116
8118
8120
8123
8124
8125
8126
8127
8128
8129
8131
8132
8133 8987
8134
8135
8136
8137
8139
8140
8141
8142
8143
8144
8145
8148
8150
8152
8154
8155
8158
8159
8161
8162
8166
8167
8170
8171
8172
8173
8174
8175
8176 8470
8177
8179
8180
8181
8182
8183
8184
8186
8187
8189
8191
8192
8193
8194
8195
8197
8198
8199
8200
8201
8202
8203
8204
8205
8207
8208
8209
8210
8211
8212
8213
8214
8215
8216
8217
8219
8220
8221
8222
8224
8225
8226
8228
8229
8230
8234
8237
8238
8241
8243
8244
8247
8251
8252
8253
8254
8257
8258
8264
8268
8271
8273
8274
8275
8276
8277
8278
8279 8631
8280
8281
8282
8283
8284
8285
8286
8287
8288
8289
8290
8291
8292
8296
8298
8300
8301
8303
8304
8305
8306
8307
8308
8312
8314
8315
8316
8319
8321
8322
8323
8326
8327
8329
8330
8331
8332 8522
8333
8334
8337
8338
8339
8341
8344
8346
8347
8348
8349
8350
8351
8352
8355
8359
8360
8362 8777
8363 9344
8366
8368
8370
8371
8373
8374
8375
8376
8377
8379
8380
8381
8382
8384
8387
8388
8391
8393
8394
8395
8396
8397
8399
8400
8402
8403
8404
8405
8406
8407 9267
8408
8411
8413 9816
8414
8415
8417
8421
8422
8423
8425
8426
8427
8428
8429
8430
8432
8434
8437
8438
8440
8441
8442
8443
8444
8446
8447
8448
8450
8452
8454
8456
8457
8462
8465
8466
8467
8471
8472
8474
8476 9875
8478
8479
8480
8481
8482
8483
8484
8490
8491
8492
8494
8495
8499
8500
8501
8503
8504
8505
8506
8507
8511
8512
8513
8515
8516
8518
8520
8523
8524
8525
8527
8529
8530
8531
8532
8533
8534
8535
8536
8537
8538
8539
8540
8542
8545
8546
8547
8548
8550
8552
8554
8555 8579 9132
8556
8558
8559
8560
8561
8563
8564
8565
8566
8567
8568
8570
8572
8573
8574
8577
8578
8581
8583
8587
8588
8590
8591
8592
8593
8594
8600
8602
8603
8604
8606
8607
8608
8609
8610
8612
8613
8615
8616
8617
8618
8619
8621
8624
8625
8628
8629
8632
8633
8635
8637
8639
8641
8642
8643
8645
8647
8649
8650
8651
8652
8653
8654
8655
8657
8658
8659
8660
8662
8664
8666
8669
8671
8675
8676
8677
8679
8680
8681
8682
8683
8684
8685
8687
8688
8689
8691 8842
8692
8693
8694
8695
8697
8698
8699
8700
8701
8702
8703
8704
8708
8709
8710
8711
8713
8716
8717
8719 9695
8721
8722
8724
8726
8727
8729
8730
8731
8732
8736
8738
8739 8988 9871
8740
8742
8744
8748
8749
8750
8751
8753
8755
8756
8758
8759
8760
8764
8765
8766
8767
8768
8769
8770
8771
8772
8774
8775
8778
8780
8781
8782
8784
8785
8787
8788
8789
8791
8792
8793
8794
8795
8799
8800
8801
8802
8803
8805
8806
8808
8809
8814
8816
8817
8818
8819
8820
8821
8822
8825
8826
8828
8829
8831
8832
8833
8834
8836
8837
8841
8844
8845
8846
8847
8851
8853
8855
8856 9775
8857
8858
8859
8860
8861
8863
8864
8865
8867
8869
8871
8872
8873
8874
8876
8877
8878
8879
8880
8881
8882
8884
8885
8886
8887
8888
8891
8892
8893
8895
8897
8898
8902 9243
8903
8904
8905
8906
8907
8908
8909
8910
8911
8912
8913
8914
8915
8918
8919
8920
8921
8923
8924
8925
8926
8927
8929
8931
8932
8933
8934
8937
8938
8941
8943
8944
8945
8946
8947
8948
8949
8951
8952
8954
8956
8958
8961
8963
8964
8965
8968
8969
8970
8971
8972
8974
8976
8978
8980
8982
8983
8984
8985
8989
8990
8991
8992
8993
8995
8996
8998
8999
9000
9001
9004
9005
9006
9008
9009
9010
9011
9015
9017
9018
9019
9020
9021
9022
9023
9024
9026
9027
9028
9029
9030
9031
9032
9033
9035
9036
9037
9038
9039
9040
9041
9042
9044
9045
9046
9047
9048
9049
9050
9051
9052
9054
9056
9057
9058
9059
9060
9061
9062
9063
9064
9065
9066
9067
9068
9069
9070
9071
9072
9073
9075
9078
9079
9087
9088
9089
9090
9093
9095
9098
9099
9103
9104
9107
9109
9110
9112
9116
9117
9118
9119
9120
9121
9122
9123
9124
9125
9126
9127
9128
9129
9130
9133 9672
9134
9135
9136
9137
9138
9139
9141
9142
9143
9144
9145
9147
9148
9149
9150
9151
9152
9153
9154
9155
9159
9161
9163
9164
9165
9166
9168
9170
9171
9173
9174
9176
9177
9178
9179
9180
9181
9182
9186
9187
9189
9190
9191
9192
9195
9196
9197
9198
9199
9200
9201
9202
9203
9204
9205
9206
9207
9209
9211
9212
9214
9215
9216
9217
9219
9221
9222
9223
9224
9226
9228
9230
9234
9236
9238
9239
9241
9242
9245
9246
9249
9251
9253
9255
9257
9259
9260
9261
9262
9268
9270
9271
9272
9274
9276
9277
9278
9279
9280
9281
9282
9283
9285
9286
9288
9289
9290
9291
9292
9293
9294
9295
9296
9299
9301
9302
9304
9305
9306
9308
9310
9311
9312
9313
9314
9315
9317
9318
9319
9323
9324
9326
9328
9330
9331
9332
9333
9335
9336
9337
9338
9342
9343
9345
9347
9349
9350
9353
9355
9357
9358
9360
9361
9362
9363
9367
9369
9371
9372
9373
9374
9375
9377
9379
9381
9382
9383
9384
9385
9386
9388
9389
9391
9392
9394
9395
9396
9397
9398
9400
9403
9404
9405
9407
9408
9409
9410
9411
9412
9414
9415
9416
9417
9418
9419
9420
9421
9424
9425
9429
9430
9431
9433
9434
9435
9436
9437
9438
9439
9440
9441 9872 9976
9442
9443
9447
9448
9450
9451
9454
9455
9456
9457
9460
9461
9462
9464
9465
9467
9468
9469
9470
9473
9474
9477
9478
9480
9481
9482
9483
9484
9487
9488
9489
9491
9492
9493
9494
9495
9496
9497
9498
9499
9500
9501
9502
9503
9504
9505
9507
9509
9510
9512
9513
9514
9519
9520
9521
9522
9523
9524
9526
9527
9528
9529
9530
9531
9532
9533
9535
9536
9537
9538
9539
9541
9542
9544
9545
9546
9547
9548
9549
9550
9551
9552
9553 9561
9554
9557
9558
9560
9564
9565
9566
9567
9568
9571
9572
9573
9574
9577
9578
9579
9581
9582
9583
9584
9585
9586
9588
9590
9591
9592
9593
9596
9597
9598
9599
9600
9603
9604
9608
9609
9610
9611
9614
9615
9616
9618
9619
9620
9622
9623
9625
9627
9628
9629
9630
9633
9634
9636
9638
9640
9641
9644
9645
9648
9649
9650
9652
9654
9655
9656
9657
9658
9660
9662
9664
9665
9667
9668
9669
9670
9673
9675
9678
9680
9681
9682
9683
9684
9687
9688
9690
9691
9693
9694
9696
9697
9698
9699
9700
9701
9702
9703
9704
9706
9707
9709
9711
9713
9714
9716
9717
9719
9720
9721
9722
9724
9725
9726
9728
9730
9731
9732
9733
9734
9736
9738
9739
9740
9744
9745
9746
9748
9751
9752
9754
9755
9756
9757
9759
9760
9763
9764
9765
9770
9772
9773
9778
9779
9781
9782
9785
9788
9789
9790
9792
9793
9794
9796
9797
9798
9799
9802
9804
9805
9807
9808
9809
9810
9811
9812
9814
9815
9818
9821
9822
9823
9824
9829
9830
9832
9835
9836
9837
9838
9839
9842
9843
9844
9845
9846
9847
9848
9849
9851
9852
9853
9854
9855
9856
9860
9863
9864
9866
9867
9868
9870
9873
9876
9877
9878
9879
9880
9882
9883
9885
9887
9888
9889
9890
9891
9892
9893
9894
9897
9898
9899
9900
9901
9902
9903
9905
9906
9907
9908
9909
9912
9913
9915
9916
9918
9919
9920
9921
9922
9925
9926
9927
9928
9930
9932
9934
9935
9937
9938
9939
9941
9943
9944
9945
9946
9948
9949
9950
9951
9952
9953
9955
9956
9957
9958
9959
9960
9961
9962
9963
9965
9966
9968
9969
9971
9972
9973
9974
9975
9978
9979
9981
9982
9985
9986
9987
9988
9989
9990
9991
9992
9993
9994
9995
9996
9997
9999
10000
